Scatterer_ocean
{
	Ocean
	{
		name = Hydrus
		m_foamAnsio = 9
		m_foamMipMapBias = -2
		m_whiteCapStr = 0.949999988
		shoreFoam = 1
		m_farWhiteCapStr = -0.200000003
		AMP = 1
		m_ansio = 2
		m_windSpeed = 9
		m_omega = 0.839999974
		m_varianceSize = 2
		m_oceanUpwellingColor = 0.600000024,0.600000024,0.300000012
		m_UnderwaterColor = 0.5,0.5,0.200000003
		m_resolution = 4
		MAX_VERTS = 65000
		oceanScale = 1
		oceanAlpha = 1
		alphaRadius = 1400
		transparencyDepth = 25
		darknessDepth = 2000
		refractionIndex = 1.33000004
	}
}
