Scatterer_ocean
{
	Ocean
	{
		name = Vasto
		AMP = 1.29999995
		m_windSpeed = 5
		m_omega = 1.84000003
		m_gravity = 5.19929981
		maxWaveInteractionShipAltitude = 500
		m_whiteCapStr = 0.469999999
		shoreFoam = 1.20000005
		m_farWhiteCapStr = 0.469999999
		m_oceanUpwellingColor = 0.0204000007,0.0199999996,0.0627000034
		m_UnderwaterColor = 0.0204000007,0.0199999996,0.0627000034
		offScreenVertexStretch = 1.25
		alphaRadius = 1000
		transparencyDepth = 30
		darknessDepth = 800
		refractionIndex = 1.33000004
		skyReflectionStrength = 1
		causticsTexturePath = Scatterer/config/Planets/Caustics.png
		causticsLayer1Scale = 0.200000003,0.200000003
		causticsLayer1Speed = 0.0612000003,-0.151199996
		causticsLayer2Scale = 0.277099997,0.267100006
		causticsLayer2Speed = -0.0748699978,0.174869999
		causticsMultiply = 1
		causticsUnderwaterLightBoost = 2
		causticsMinBrightness = 0.5
		causticsBlurDepth = 200
		lightRaysStrength = 0.200000003
	}
}
