Scatterer_ocean
{
	Ocean
	{
		name = Tau
		m_foamAnsio = 9
		m_foamMipMapBias = -2
		m_whiteCapStr = 0.200000003
		shoreFoam = 1.20000005
		m_farWhiteCapStr = -0.180000007
		choppynessMultiplier = 1
		AMP = 1
		m_ansio = 2
		m_windSpeed = 5
		m_omega = 0.839999974
		m_varianceSize = 4
		m_oceanUpwellingColor = 0.00100000005,0.00389999989,0.0187800005
		m_UnderwaterColor = 0,0.5,0.600000024
		m_oceanLevel = 0
		m_zmin = 20000
		m_resolution = 4
		MAX_VERTS = 65000
		oceanScale = 1
		oceanAlpha = 0.949999988
		alphaRadius = 1000
		transparencyDepth = 60
		darknessDepth = 1000
		refractionIndex = 1.33000004
		fakeOceanAltitude = 160000
	}
}
