Scatterer_ocean
{
	Ocean
	{
		name = Hydrus
		AMP = 0.639999986
		m_windSpeed = 12
		m_omega = 0.839999974
		m_gravity = 2.94300008
		maxWaveInteractionShipAltitude = 500
		m_whiteCapStr = 0.270000011
		shoreFoam = 1.35000002
		m_farWhiteCapStr = 0.469999999
		m_oceanUpwellingColor = 0.0439999998,0.0299999993,0.0219999999
		m_UnderwaterColor = 0.446999997,0.395999998,0.226999998
		offScreenVertexStretch = 2.6500001
		alphaRadius = 1000
		transparencyDepth = 22
		darknessDepth = 24
		refractionIndex = 1.33000004
		skyReflectionStrength = 0.649999976
		causticsTexturePath = Scatterer/config/Planets/Caustics.png
		causticsLayer1Scale = 0.200000003,0.200000003
		causticsLayer1Speed = 0.0612000003,-0.151199996
		causticsLayer2Scale = 0.277099997,0.267100006
		causticsLayer2Speed = -0.0748699978,0.174869999
		causticsMultiply = 1
		causticsUnderwaterLightBoost = 2
		causticsMinBrightness = 0.5
		causticsBlurDepth = 200
		lightRaysStrength = 0.200000003
	}
}
