Scatterer_ocean
{
	Ocean
	{
		name = Gateway
		m_foamAnsio = 9
		m_foamMipMapBias = -2
		m_whiteCapStr = 0.800000012
		shoreFoam = 1
		m_farWhiteCapStr = -0.5
		AMP = 3
		m_ansio = 2
		m_windSpeed = 15
		m_omega = 0.839999974
		m_varianceSize = 4
		m_oceanUpwellingColor = 0.00999999978,0.075000003,0.0799999982
		m_UnderwaterColor = 0.100000001,0.75,0.800000012
		m_resolution = 16
		MAX_VERTS = 65000
		oceanScale = 1
		oceanAlpha = 0.300000012
		alphaRadius = 1400
		transparencyDepth = 80000
		darknessDepth = 70000
		refractionIndex = 1.33000004
	}
}
